columns <- list(
  c(2, 2),
  c(3, 2),
  c(5, 2),
  c(5),
  c(5),
  c(2, 1),
  c(2, 1, 1),
  c(3, 3),
  c(2, 1, 1),
  c(4, 3)
)

rows <- list(
  c(4, 4),
  c(4, 5),
  c(3, 1, 1, 1),
  c(3, 1),
  c(3),
  c(1, 1),
  c(1),
  c(1, 3),
  c(3, 1, 1),
  c(3, 5)
)
